function He=Hess(x)
%He=[1200*x(1)^2-400*x(2)+2, -400*x(1);
%-400*x(1), 200 ];
He=[12*(x(1)-2)^2+2 -4;
    -4 8];
end