function dy = F(t,y);
dy=[-0.2*y(1)
    0.2*y(1)-0.625*y(2)
    0.625*y(2)-0.5*y(3)
    0.625*y(2)+0.5*y(3)-0.125*y(4)
    0.125*y(5)];